[0m[2J[H[38;2;40;220;240mÕ[38;2;43;220;238mÕ[38;2;46;220;236mÕ[38;2;49;220;234mÕ[38;2;52;220;232mÕ[38;2;55;220;230mÕ[38;2;58;220;228mÕ[38;2;61;220;226mÕ[38;2;64;220;224mÕ[38;2;67;220;222mÕ[38;2;70;220;220mÕ[38;2;73;220;218mÕ[38;2;76;220;216mÕ[38;2;79;220;214mÕ[38;2;82;220;212mÕ[38;2;85;220;210mÕ[38;2;88;220;208mÕ[38;2;91;220;206mÕ[38;2;94;220;204mÕ[38;2;97;220;202mÕ[38;2;100;220;200mÕ[38;2;103;220;198mÕ[38;2;106;220;196mÕ[38;2;109;220;194mÕ[38;2;112;220;192mÕ[38;2;115;220;190mÕ[38;2;118;220;188mÕ[38;2;121;220;186mÕ[38;2;124;220;184mÕ[38;2;127;220;182mÕ[38;2;130;220;180mÕ[38;2;133;220;178mÕ[38;2;136;220;176mÕ[38;2;139;220;174mÕ[38;2;142;220;172mÕ[38;2;145;220;170mÕ[38;2;148;220;168mÕ[38;2;151;220;166mÕ[38;2;154;220;164mÕ[38;2;157;220;162mÕ[38;2;160;220;160mÕ[38;2;163;220;158mÕ[38;2;166;220;156mÕ[38;2;169;220;154mÕ[38;2;172;220;152mÕ[38;2;175;220;150mÕ[38;2;178;220;148mÕ[38;2;181;220;146mÕ[38;2;184;220;144mÕ[38;2;187;220;142mÕ[38;2;190;220;140mÕ[38;2;193;220;138mÕ[38;2;196;220;136mÕ[38;2;199;220;134mÕ[38;2;202;220;132mÕ[38;2;205;220;130mÕ[38;2;208;220;128mÕ[38;2;211;220;126mÕ[38;2;214;220;124mÕ[38;2;217;220;122mÕ[38;2;220;220;120mÕ[38;2;223;220;118mÕ[38;2;226;220;116mÕ[38;2;229;220;114mÕ[38;2;232;220;112mÕ[38;2;235;220;110mÕ[38;2;238;220;108mÕ[38;2;241;220;106mÕ[38;2;244;220;104mÕ[38;2;247;220;102mÕ[38;2;250;220;100mÕ[38;2;253;220;98mÕ[38;2;255;220;96mÕ[38;2;255;220;94mÕ[38;2;255;220;92mÕ[38;2;255;220;90mÕ[0m
[38;2;40;208;240m∫[38;2;43;208;238m [38;2;46;208;236m [38;2;49;208;234m [38;2;52;208;232m [38;2;55;208;230m [38;2;58;208;228m [38;2;61;208;226m [38;2;64;208;224m [38;2;67;208;222m [38;2;70;208;220m [38;2;73;208;218m [38;2;76;208;216m [38;2;79;208;214m [38;2;82;208;212m [38;2;85;208;210m [38;2;88;208;208m [38;2;91;208;206m [38;2;94;208;204m [38;2;97;208;202m [38;2;100;208;200m [38;2;103;208;198m [38;2;106;208;196m [38;2;109;208;194m [38;2;112;208;192m [38;2;115;208;190m [38;2;118;208;188m [38;2;121;208;186m [38;2;124;208;184m [38;2;127;208;182m [38;2;130;208;180m [38;2;133;208;178m [38;2;136;208;176m.[38;2;139;208;174m [38;2;142;208;172m [38;2;145;208;170m [38;2;148;208;168m [38;2;151;208;166m [38;2;154;208;164m [38;2;157;208;162m [38;2;160;208;160m [38;2;163;208;158m [38;2;166;208;156m [38;2;169;208;154m [38;2;172;208;152m [38;2;175;208;150m [38;2;178;208;148m [38;2;181;208;146m [38;2;184;208;144m [38;2;187;208;142m [38;2;190;208;140m [38;2;193;208;138m [38;2;196;208;136m [38;2;199;208;134m [38;2;202;208;132m [38;2;205;208;130m [38;2;208;208;128m [38;2;211;208;126m [38;2;214;208;124m [38;2;217;208;122m [38;2;220;208;120m [38;2;223;208;118m [38;2;226;208;116m [38;2;229;208;114m [38;2;232;208;112m [38;2;235;208;110m [38;2;238;208;108m [38;2;241;208;106m [38;2;244;208;104m [38;2;247;208;102m [38;2;250;208;100m [38;2;253;208;98m [38;2;255;208;96m [38;2;255;208;94m [38;2;255;208;92m [38;2;255;208;90m∫[0m
[38;2;40;196;240m∫[38;2;43;196;238m [38;2;46;196;236m [38;2;49;196;234m [38;2;52;196;232m [38;2;55;196;230m [38;2;58;196;228m [38;2;61;196;226m [38;2;64;196;224m [38;2;67;196;222m [38;2;70;196;220m [38;2;73;196;218m [38;2;76;196;216m [38;2;79;196;214m [38;2;82;196;212mT[38;2;85;196;210mT[38;2;88;196;208mT[38;2;91;196;206mT[38;2;94;196;204mT[38;2;97;196;202m [38;2;100;196;200m [38;2;103;196;198mA[38;2;106;196;196mA[38;2;109;196;194mA[38;2;112;196;192m [38;2;115;196;190m [38;2;118;196;188mL[38;2;121;196;186m [38;2;124;196;184m [38;2;127;196;182m [38;2;130;196;180m [38;2;133;196;178m [38;2;136;196;176mI[38;2;139;196;174mI[38;2;142;196;172mI[38;2;145;196;170mI[38;2;148;196;168mI[38;2;151;196;166m [38;2;154;196;164m [38;2;157;196;162mS[38;2;160;196;160mS[38;2;163;196;158mS[38;2;166;196;156mS[38;2;169;196;154m [38;2;172;196;152m [38;2;175;196;150mM[38;2;178;196;148m [38;2;181;196;146m [38;2;184;196;144m [38;2;187;196;142mM[38;2;190;196;140m [38;2;193;196;138m [38;2;196;196;136mA[38;2;199;196;134mA[38;2;202;196;132mA[38;2;205;196;130m [38;2;208;196;128m [38;2;211;196;126mN[38;2;214;196;124m [38;2;217;196;122m [38;2;220;196;120m [38;2;223;196;118mN[38;2;226;196;116m [38;2;229;196;114m [38;2;232;196;112m.[38;2;235;196;110m [38;2;238;196;108m [38;2;241;196;106m [38;2;244;196;104m [38;2;247;196;102m [38;2;250;196;100m [38;2;253;196;98m [38;2;255;196;96m [38;2;255;196;94m [38;2;255;196;92m [38;2;255;196;90m∫[0m
[38;2;40;184;240m∫[38;2;43;184;238m [38;2;46;184;236m.[38;2;49;184;234m [38;2;52;184;232m [38;2;55;184;230m [38;2;58;184;228m [38;2;61;184;226m [38;2;64;184;224m [38;2;67;184;222m [38;2;70;184;220m [38;2;73;184;218m [38;2;76;184;216m [38;2;79;184;214m [38;2;82;184;212m [38;2;85;184;210m [38;2;88;184;208mT[38;2;91;184;206m [38;2;94;184;204m [38;2;97;184;202m [38;2;100;184;200mA[38;2;103;184;198m [38;2;106;184;196m [38;2;109;184;194m [38;2;112;184;192mA[38;2;115;184;190m [38;2;118;184;188mL[38;2;121;184;186m [38;2;124;184;184m [38;2;127;184;182m [38;2;130;184;180m [38;2;133;184;178m [38;2;136;184;176m [38;2;139;184;174m [38;2;142;184;172mI[38;2;145;184;170m [38;2;148;184;168m [38;2;151;184;166m [38;2;154;184;164mS[38;2;157;184;162m [38;2;160;184;160m [38;2;163;184;158m [38;2;166;184;156m [38;2;169;184;154m [38;2;172;184;152mM[38;2;175;184;150mM[38;2;178;184;148m [38;2;181;184;146mM[38;2;184;184;144mM[38;2;187;184;142m [38;2;190;184;140mA[38;2;193;184;138m [38;2;196;184;136m [38;2;199;184;134m [38;2;202;184;132mA[38;2;205;184;130m [38;2;208;184;128mN[38;2;211;184;126mN[38;2;214;184;124m [38;2;217;184;122m [38;2;220;184;120mN[38;2;223;184;118m [38;2;226;184;116m [38;2;229;184;114m [38;2;232;184;112m [38;2;235;184;110m [38;2;238;184;108m [38;2;241;184;106m [38;2;244;184;104m [38;2;247;184;102m [38;2;250;184;100m [38;2;253;184;98m [38;2;255;184;96m [38;2;255;184;94m [38;2;255;184;92m [38;2;255;184;90m∫[0m
[38;2;40;172;240m∫[38;2;43;172;238m [38;2;46;172;236m [38;2;49;172;234m [38;2;52;172;232m [38;2;55;172;230m [38;2;58;172;228m [38;2;61;172;226m [38;2;64;172;224m [38;2;67;172;222m [38;2;70;172;220m [38;2;73;172;218m [38;2;76;172;216m [38;2;79;172;214m [38;2;82;172;212m [38;2;85;172;210m [38;2;88;172;208mT[38;2;91;172;206m [38;2;94;172;204m [38;2;97;172;202m [38;2;100;172;200mA[38;2;103;172;198mA[38;2;106;172;196mA[38;2;109;172;194mA[38;2;112;172;192mA[38;2;115;172;190m [38;2;118;172;188mL[38;2;121;172;186m [38;2;124;172;184m [38;2;127;172;182m [38;2;130;172;180m [38;2;133;172;178m [38;2;136;172;176m [38;2;139;172;174m [38;2;142;172;172mI[38;2;145;172;170m [38;2;148;172;168m [38;2;151;172;166m [38;2;154;172;164m [38;2;157;172;162mS[38;2;160;172;160mS[38;2;163;172;158mS[38;2;166;172;156m [38;2;169;172;154m [38;2;172;172;152mM[38;2;175;172;150m [38;2;178;172;148mM[38;2;181;172;146m [38;2;184;172;144mM[38;2;187;172;142m [38;2;190;172;140mA[38;2;193;172;138mA[38;2;196;172;136mA[38;2;199;172;134mA[38;2;202;172;132mA[38;2;205;172;130m [38;2;208;172;128mN[38;2;211;172;126m [38;2;214;172;124mN[38;2;217;172;122m [38;2;220;172;120mN[38;2;223;172;118m [38;2;226;172;116m [38;2;229;172;114m [38;2;232;172;112m [38;2;235;172;110m [38;2;238;172;108m [38;2;241;172;106m [38;2;244;172;104m [38;2;247;172;102m [38;2;250;172;100m [38;2;253;172;98m [38;2;255;172;96m [38;2;255;172;94m [38;2;255;172;92m [38;2;255;172;90m∫[0m
[38;2;40;160;240m∫[38;2;43;160;238m [38;2;46;160;236m [38;2;49;160;234m [38;2;52;160;232m [38;2;55;160;230m [38;2;58;160;228m [38;2;61;160;226m [38;2;64;160;224m [38;2;67;160;222m [38;2;70;160;220m [38;2;73;160;218m [38;2;76;160;216m [38;2;79;160;214m [38;2;82;160;212m [38;2;85;160;210m [38;2;88;160;208mT[38;2;91;160;206m [38;2;94;160;204m [38;2;97;160;202m [38;2;100;160;200mA[38;2;103;160;198m [38;2;106;160;196m [38;2;109;160;194m [38;2;112;160;192mA[38;2;115;160;190m [38;2;118;160;188mL[38;2;121;160;186m [38;2;124;160;184m [38;2;127;160;182m [38;2;130;160;180m [38;2;133;160;178m [38;2;136;160;176m [38;2;139;160;174m [38;2;142;160;172mI[38;2;145;160;170m [38;2;148;160;168m [38;2;151;160;166m [38;2;154;160;164m [38;2;157;160;162m [38;2;160;160;160m [38;2;163;160;158m [38;2;166;160;156mS[38;2;169;160;154m [38;2;172;160;152mM[38;2;175;160;150m [38;2;178;160;148m [38;2;181;160;146m [38;2;184;160;144mM[38;2;187;160;142m [38;2;190;160;140mA[38;2;193;160;138m [38;2;196;160;136m [38;2;199;160;134m [38;2;202;160;132mA[38;2;205;160;130m [38;2;208;160;128mN[38;2;211;160;126m [38;2;214;160;124m [38;2;217;160;122mN[38;2;220;160;120mN[38;2;223;160;118m [38;2;226;160;116m [38;2;229;160;114m [38;2;232;160;112m [38;2;235;160;110m [38;2;238;160;108m.[38;2;241;160;106m [38;2;244;160;104m [38;2;247;160;102m [38;2;250;160;100m [38;2;253;160;98m [38;2;255;160;96m [38;2;255;160;94m [38;2;255;160;92m [38;2;255;160;90m∫[0m
[38;2;40;148;240m∫[38;2;43;148;238m [38;2;46;148;236m [38;2;49;148;234m [38;2;52;148;232m.[38;2;55;148;230m [38;2;58;148;228m [38;2;61;148;226m [38;2;64;148;224m [38;2;67;148;222m [38;2;70;148;220m [38;2;73;148;218m [38;2;76;148;216m [38;2;79;148;214m [38;2;82;148;212m [38;2;85;148;210m [38;2;88;148;208mT[38;2;91;148;206m [38;2;94;148;204m [38;2;97;148;202m [38;2;100;148;200mA[38;2;103;148;198m [38;2;106;148;196m [38;2;109;148;194m [38;2;112;148;192mA[38;2;115;148;190m [38;2;118;148;188mL[38;2;121;148;186mL[38;2;124;148;184mL[38;2;127;148;182mL[38;2;130;148;180mL[38;2;133;148;178m [38;2;136;148;176mI[38;2;139;148;174mI[38;2;142;148;172mI[38;2;145;148;170mI[38;2;148;148;168mI[38;2;151;148;166m [38;2;154;148;164mS[38;2;157;148;162mS[38;2;160;148;160mS[38;2;163;148;158mS[38;2;166;148;156m [38;2;169;148;154m [38;2;172;148;152mM[38;2;175;148;150m [38;2;178;148;148m [38;2;181;148;146m [38;2;184;148;144mM[38;2;187;148;142m [38;2;190;148;140mA[38;2;193;148;138m [38;2;196;148;136m [38;2;199;148;134m [38;2;202;148;132mA[38;2;205;148;130m [38;2;208;148;128mN[38;2;211;148;126m [38;2;214;148;124m [38;2;217;148;122m [38;2;220;148;120mN[38;2;223;148;118m [38;2;226;148;116m [38;2;229;148;114m [38;2;232;148;112m [38;2;235;148;110m [38;2;238;148;108m [38;2;241;148;106m [38;2;244;148;104m [38;2;247;148;102m [38;2;250;148;100m [38;2;253;148;98m [38;2;255;148;96m [38;2;255;148;94m [38;2;255;148;92m [38;2;255;148;90m∫[0m
[38;2;40;136;240m∫[38;2;43;136;238m [38;2;46;136;236m [38;2;49;136;234m [38;2;52;136;232m [38;2;55;136;230m [38;2;58;136;228m [38;2;61;136;226m [38;2;64;136;224m [38;2;67;136;222m [38;2;70;136;220m [38;2;73;136;218m [38;2;76;136;216m [38;2;79;136;214m [38;2;82;136;212m [38;2;85;136;210m [38;2;88;136;208m [38;2;91;136;206m [38;2;94;136;204m [38;2;97;136;202m [38;2;100;136;200m [38;2;103;136;198m [38;2;106;136;196m [38;2;109;136;194m [38;2;112;136;192m [38;2;115;136;190m [38;2;118;136;188m [38;2;121;136;186m [38;2;124;136;184m [38;2;127;136;182m [38;2;130;136;180m [38;2;133;136;178m [38;2;136;136;176m [38;2;139;136;174m [38;2;142;136;172m [38;2;145;136;170m [38;2;148;136;168m.[38;2;151;136;166m [38;2;154;136;164m [38;2;157;136;162m [38;2;160;136;160m [38;2;163;136;158m [38;2;166;136;156m [38;2;169;136;154m [38;2;172;136;152m [38;2;175;136;150m [38;2;178;136;148m [38;2;181;136;146m [38;2;184;136;144m [38;2;187;136;142m [38;2;190;136;140m [38;2;193;136;138m [38;2;196;136;136m [38;2;199;136;134m [38;2;202;136;132m [38;2;205;136;130m [38;2;208;136;128m [38;2;211;136;126m [38;2;214;136;124m [38;2;217;136;122m [38;2;220;136;120m [38;2;223;136;118m [38;2;226;136;116m [38;2;229;136;114m [38;2;232;136;112m [38;2;235;136;110m [38;2;238;136;108m [38;2;241;136;106m [38;2;244;136;104m [38;2;247;136;102m [38;2;250;136;100m [38;2;253;136;98m [38;2;255;136;96m [38;2;255;136;94m [38;2;255;136;92m [38;2;255;136;90m∫[0m
[38;2;40;124;240m∫[38;2;43;124;238m [38;2;46;124;236m [38;2;49;124;234m [38;2;52;124;232m [38;2;55;124;230m [38;2;58;124;228m [38;2;61;124;226m [38;2;64;124;224m [38;2;67;124;222m [38;2;70;124;220m [38;2;73;124;218m [38;2;76;124;216m [38;2;79;124;214m [38;2;82;124;212m [38;2;85;124;210m [38;2;88;124;208m [38;2;91;124;206m [38;2;94;124;204m [38;2;97;124;202m [38;2;100;124;200m [38;2;103;124;198m [38;2;106;124;196m [38;2;109;124;194m [38;2;112;124;192m [38;2;115;124;190m [38;2;118;124;188m [38;2;121;124;186m [38;2;124;124;184m [38;2;127;124;182m [38;2;130;124;180m [38;2;133;124;178m [38;2;136;124;176m [38;2;139;124;174m [38;2;142;124;172m [38;2;145;124;170m [38;2;148;124;168m [38;2;151;124;166m [38;2;154;124;164m [38;2;157;124;162m [38;2;160;124;160m [38;2;163;124;158m [38;2;166;124;156m [38;2;169;124;154m [38;2;172;124;152m [38;2;175;124;150m [38;2;178;124;148m [38;2;181;124;146m [38;2;184;124;144m [38;2;187;124;142m [38;2;190;124;140m [38;2;193;124;138m [38;2;196;124;136m [38;2;199;124;134m [38;2;202;124;132m [38;2;205;124;130m [38;2;208;124;128m [38;2;211;124;126m [38;2;214;124;124m [38;2;217;124;122m [38;2;220;124;120m [38;2;223;124;118m [38;2;226;124;116m [38;2;229;124;114m [38;2;232;124;112m [38;2;235;124;110m [38;2;238;124;108m [38;2;241;124;106m [38;2;244;124;104m [38;2;247;124;102m [38;2;250;124;100m [38;2;253;124;98m [38;2;255;124;96m [38;2;255;124;94m [38;2;255;124;92m [38;2;255;124;90m∫[0m
[38;2;40;112;240m∫[38;2;43;112;238m [38;2;46;112;236m [38;2;49;112;234m [38;2;52;112;232m [38;2;55;112;230m [38;2;58;112;228m.[38;2;61;112;226m [38;2;64;112;224m [38;2;67;112;222m [38;2;70;112;220m [38;2;73;112;218m [38;2;76;112;216m [38;2;79;112;214m [38;2;82;112;212m [38;2;85;112;210m [38;2;88;112;208m [38;2;91;112;206m [38;2;94;112;204m [38;2;97;112;202m [38;2;100;112;200m [38;2;103;112;198m [38;2;106;112;196m [38;2;109;112;194m [38;2;112;112;192m [38;2;115;112;190m [38;2;118;112;188m [38;2;121;112;186m [38;2;124;112;184m [38;2;127;112;182m [38;2;130;112;180m [38;2;133;112;178m [38;2;136;112;176m [38;2;139;112;174m [38;2;142;112;172m [38;2;145;112;170m [38;2;148;112;168m [38;2;151;112;166m [38;2;154;112;164m [38;2;157;112;162m [38;2;160;112;160m [38;2;163;112;158m [38;2;166;112;156m [38;2;169;112;154m [38;2;172;112;152m [38;2;175;112;150m [38;2;178;112;148m [38;2;181;112;146m [38;2;184;112;144m [38;2;187;112;142m [38;2;190;112;140m [38;2;193;112;138m [38;2;196;112;136m [38;2;199;112;134m.[38;2;202;112;132m [38;2;205;112;130m [38;2;208;112;128m [38;2;211;112;126m [38;2;214;112;124m [38;2;217;112;122m [38;2;220;112;120m [38;2;223;112;118m [38;2;226;112;116m [38;2;229;112;114m [38;2;232;112;112m [38;2;235;112;110m [38;2;238;112;108m [38;2;241;112;106m [38;2;244;112;104m [38;2;247;112;102m [38;2;250;112;100m [38;2;253;112;98m [38;2;255;112;96m [38;2;255;112;94m [38;2;255;112;92m [38;2;255;112;90m∫[0m
[38;2;40;100;240m∫[38;2;43;100;238m€[38;2;46;100;236m≤[38;2;49;100;234m€[38;2;52;100;232m€[38;2;55;100;230m≤[38;2;58;100;228m€[38;2;61;100;226m€[38;2;64;100;224m≤[38;2;67;100;222m€[38;2;70;100;220m€[38;2;73;100;218m≤[38;2;76;100;216m€[38;2;79;100;214m€[38;2;82;100;212m≤[38;2;85;100;210m€[38;2;88;100;208m€[38;2;91;100;206m≤[38;2;94;100;204m€[38;2;97;100;202m€[38;2;100;100;200m≤[38;2;103;100;198m€[38;2;106;100;196m€[38;2;109;100;194m≤[38;2;112;100;192m€[38;2;115;100;190m€[38;2;118;100;188m≤[38;2;121;100;186m€[38;2;124;100;184m€[38;2;127;100;182m≤[38;2;130;100;180m€[38;2;133;100;178m€[38;2;136;100;176m≤[38;2;139;100;174m€[38;2;142;100;172m€[38;2;145;100;170m≤[38;2;148;100;168m€[38;2;151;100;166m€[38;2;154;100;164m≤[38;2;157;100;162m€[38;2;160;100;160m€[38;2;163;100;158m≤[38;2;166;100;156m€[38;2;169;100;154m€[38;2;172;100;152m≤[38;2;175;100;150m€[38;2;178;100;148m€[38;2;181;100;146m≤[38;2;184;100;144m€[38;2;187;100;142m€[38;2;190;100;140m≤[38;2;193;100;138m€[38;2;196;100;136m€[38;2;199;100;134m≤[38;2;202;100;132m€[38;2;205;100;130m€[38;2;208;100;128m≤[38;2;211;100;126m€[38;2;214;100;124m€[38;2;217;100;122m≤[38;2;220;100;120m€[38;2;223;100;118m€[38;2;226;100;116m≤[38;2;229;100;114m€[38;2;232;100;112m€[38;2;235;100;110m≤[38;2;238;100;108m€[38;2;241;100;106m€[38;2;244;100;104m≤[38;2;247;100;102m€[38;2;250;100;100m€[38;2;253;100;98m≤[38;2;255;100;96m€[38;2;255;100;94m€[38;2;255;100;92m≤[38;2;255;100;90m∫[0m
[38;2;40;88;240m∫[38;2;43;88;238m≤[38;2;46;88;236m€[38;2;49;88;234m€[38;2;52;88;232m≤[38;2;55;88;230m€[38;2;58;88;228m€[38;2;61;88;226m≤[38;2;64;88;224m€[38;2;67;88;222m€[38;2;70;88;220m≤[38;2;73;88;218m€[38;2;76;88;216m€[38;2;79;88;214m≤[38;2;82;88;212m€[38;2;85;88;210m€[38;2;88;88;208m≤[38;2;91;88;206m€[38;2;94;88;204m€[38;2;97;88;202m≤[38;2;100;88;200m€[38;2;103;88;198m€[38;2;106;88;196m≤[38;2;109;88;194m€[38;2;112;88;192m€[38;2;115;88;190m≤[38;2;118;88;188m€[38;2;121;88;186m€[38;2;124;88;184m≤[38;2;127;88;182m€[38;2;130;88;180m€[38;2;133;88;178m≤[38;2;136;88;176m€[38;2;139;88;174m€[38;2;142;88;172m≤[38;2;145;88;170m€[38;2;148;88;168m€[38;2;151;88;166m≤[38;2;154;88;164m€[38;2;157;88;162m€[38;2;160;88;160m≤[38;2;163;88;158m€[38;2;166;88;156m€[38;2;169;88;154m≤[38;2;172;88;152m€[38;2;175;88;150m€[38;2;178;88;148m≤[38;2;181;88;146m€[38;2;184;88;144m€[38;2;187;88;142m≤[38;2;190;88;140m€[38;2;193;88;138m€[38;2;196;88;136m≤[38;2;199;88;134m€[38;2;202;88;132m€[38;2;205;88;130m≤[38;2;208;88;128m€[38;2;211;88;126m€[38;2;214;88;124m≤[38;2;217;88;122m€[38;2;220;88;120m€[38;2;223;88;118m≤[38;2;226;88;116m€[38;2;229;88;114m€[38;2;232;88;112m≤[38;2;235;88;110m€[38;2;238;88;108m€[38;2;241;88;106m≤[38;2;244;88;104m€[38;2;247;88;102m€[38;2;250;88;100m≤[38;2;253;88;98m€[38;2;255;88;96m€[38;2;255;88;94m≤[38;2;255;88;92m€[38;2;255;88;90m∫[0m
[38;2;40;76;240m∫[38;2;43;76;238m [38;2;46;76;236m [38;2;49;76;234m [38;2;52;76;232m [38;2;55;76;230m [38;2;58;76;228m [38;2;61;76;226m [38;2;64;76;224m.[38;2;67;76;222m [38;2;70;76;220m [38;2;73;76;218m [38;2;76;76;216m [38;2;79;76;214m [38;2;82;76;212m [38;2;85;76;210m [38;2;88;76;208m [38;2;91;76;206m [38;2;94;76;204m [38;2;97;76;202m [38;2;100;76;200m [38;2;103;76;198m [38;2;106;76;196m [38;2;109;76;194m [38;2;112;76;192m [38;2;115;76;190m [38;2;118;76;188m [38;2;121;76;186m [38;2;124;76;184m [38;2;127;76;182m [38;2;130;76;180m [38;2;133;76;178m [38;2;136;76;176m [38;2;139;76;174m [38;2;142;76;172m [38;2;145;76;170m [38;2;148;76;168m [38;2;151;76;166m [38;2;154;76;164m [38;2;157;76;162m [38;2;160;76;160m [38;2;163;76;158m [38;2;166;76;156m [38;2;169;76;154m [38;2;172;76;152m [38;2;175;76;150m [38;2;178;76;148m [38;2;181;76;146m [38;2;184;76;144m [38;2;187;76;142m [38;2;190;76;140m [38;2;193;76;138m [38;2;196;76;136m [38;2;199;76;134m [38;2;202;76;132m [38;2;205;76;130m.[38;2;208;76;128m [38;2;211;76;126m [38;2;214;76;124m [38;2;217;76;122m [38;2;220;76;120m [38;2;223;76;118m [38;2;226;76;116m [38;2;229;76;114m [38;2;232;76;112m [38;2;235;76;110m [38;2;238;76;108m [38;2;241;76;106m [38;2;244;76;104m [38;2;247;76;102m [38;2;250;76;100m [38;2;253;76;98m [38;2;255;76;96m [38;2;255;76;94m [38;2;255;76;92m [38;2;255;76;90m∫[0m
[38;2;40;64;240mÕ[38;2;43;64;238mÕ[38;2;46;64;236mÕ[38;2;49;64;234mÕ[38;2;52;64;232mÕ[38;2;55;64;230mÕ[38;2;58;64;228mÕ[38;2;61;64;226mÕ[38;2;64;64;224mÕ[38;2;67;64;222mÕ[38;2;70;64;220mÕ[38;2;73;64;218mÕ[38;2;76;64;216mÕ[38;2;79;64;214mÕ[38;2;82;64;212mÕ[38;2;85;64;210mÕ[38;2;88;64;208mÕ[38;2;91;64;206mÕ[38;2;94;64;204mÕ[38;2;97;64;202mÕ[38;2;100;64;200mÕ[38;2;103;64;198mÕ[38;2;106;64;196mÕ[38;2;109;64;194mÕ[38;2;112;64;192mÕ[38;2;115;64;190mÕ[38;2;118;64;188mÕ[38;2;121;64;186mÕ[38;2;124;64;184mÕ[38;2;127;64;182mÕ[38;2;130;64;180mÕ[38;2;133;64;178mÕ[38;2;136;64;176mÕ[38;2;139;64;174mÕ[38;2;142;64;172mÕ[38;2;145;64;170mÕ[38;2;148;64;168mÕ[38;2;151;64;166mÕ[38;2;154;64;164mÕ[38;2;157;64;162mÕ[38;2;160;64;160mÕ[38;2;163;64;158mÕ[38;2;166;64;156mÕ[38;2;169;64;154mÕ[38;2;172;64;152mÕ[38;2;175;64;150mÕ[38;2;178;64;148mÕ[38;2;181;64;146mÕ[38;2;184;64;144mÕ[38;2;187;64;142mÕ[38;2;190;64;140mÕ[38;2;193;64;138mÕ[38;2;196;64;136mÕ[38;2;199;64;134mÕ[38;2;202;64;132mÕ[38;2;205;64;130mÕ[38;2;208;64;128mÕ[38;2;211;64;126mÕ[38;2;214;64;124mÕ[38;2;217;64;122mÕ[38;2;220;64;120mÕ[38;2;223;64;118mÕ[38;2;226;64;116mÕ[38;2;229;64;114mÕ[38;2;232;64;112mÕ[38;2;235;64;110mÕ[38;2;238;64;108mÕ[38;2;241;64;106mÕ[38;2;244;64;104mÕ[38;2;247;64;102mÕ[38;2;250;64;100mÕ[38;2;253;64;98mÕ[38;2;255;64;96mÕ[38;2;255;64;94mÕ[38;2;255;64;92mÕ[38;2;255;64;90mÕ[0m
[96m   TALISMAN / TRUECOLOR COLOR ARTWORK[0m
   Press any key to return.
